1
25
41
45
49
51
79
82
94
101
116
132
138
151
161
162
179
194
196
207
217
219
222
226
233
261
289
290
297
315
316
321
324
326
390
392
409
410
425
439
445
479
484
487
491
492
504
511
533
540
552
556
558
562
566
589
590
591
600
601
628
631
658
666
675
680
682
712
720
729
736
756
788
791
817
818
820
838
953
969
978
991
1008
1011
1013
1016
1022
1023
1030
1038
1050
1057
1075
1087
1089
1097
1100
1118
1125
1130
1132
1136
1139
1162
1184
1228
1233
1236
1246
1287
1288
1292
1309
1313
1318
1337
1338
1351
1365
1371
1391
1392
1396
1408
1409
1416
1428
1446
1459
1464
1473
1474
1479
1487
1512
1517
1538
1542
1544
1550
1558
1577
1589
1595
1598
1619
1629
1641
1642
1671
1673
1688
1719
1732
1736
1745
1746
1755
1761
1774
1793
1800
1806
1809
1834
1837
1860
1861
1876
1907
1925
1992
1996
2029
2035
2038
2059
2119
2126
2130
2132
2149
2172
2208
2238
2243
2257
2270
2272
2274
2295
2305
2309
2320
2334
2346
2349
2368
2374
2376
2382
2406
2439
2445
2458
2487
2535
2544
2545
2557
2564
2584
2590
2596
2598
2606
2641
2672
2698
2716
2735
2751
2753
2759
2769
2773
2780
2783
2786
2788
2818
2824
2831
2866
2877
2887
2908
2919
2931
2936
2951
2959
2962
2982
2992
2993
3032
3034
3046
3073
3083
3094
3134
3143
3159
3162
3202
3222
3223
3225
3231
3232
3233
3239
3258
3266
3269
3270
3282
3287
3303
3324
3332
3333
3334
3338
3343
3345
3352
3358
3359
3370
3394
3399
3406
3418
3422
3428
3433
3441
3475
3509
3515
3519
3546
3549
3558
3559
3560
3562
3582
3585
3592
3597
3608
3632
3642
3652
3654
3656
3658
3675
3678
3690
3709
3719
3729
3730
3753
3789
3800
3802
3844
3874
3882
3885
3887
3888
3896
3900
3909
3914
3915
3921
3952
3955
3983
3984
3989
4010
4017
4044
4056
4058
4068
4080
4094
4102
4141
4146
4157
4158
4163
4164
4185
4198
4221
4225
4237
4246
4252
4263
4268
4273
4307
4322
4325
4354
4367
4371
4372
4396
4399
4412
4414
4432
4456
4474
4482
4488
4498
4505
4519
4571
4573
4588
4589
4627
4635
4639
4657
4683
4689
4705
4719
4731
4740
4743
4746
4747
4754
4779
4780
4781
4811
4818
4829
4831
4835
4843
4844
4861
4865
4893
4898
4944
4948
4963
4972
4985
4991
5025
5051
5054
5118
5123
5131
5160
5161
5165
5199
5211
5212
5217
5220
5221
5232
5238
5240
5245
5270
5288
5324
5329
5330
5332
5377
5379
5391
5411
5436
5437
5451
5495
5497
5503
5505
5516
5542
5589
5601
5614
5624
5625
5635
5639
5645
5658
5663
5667
5675
5701
5744
5753
5755
5763
5784
5789
5807
5859
5862
5870
5874
5878
5885
5907
5923
5945
5972
6032
6034
6038
6071
6075
6076
6088
6113
6121
6140
6168
6174
6198
6209
6210
6257
6292
6306
6317
6341
6344
6345
6374
6415
6416
6422
6441
6454
6459
6474
6501
6521
6537
6539
6565
6572
6585
6594
6602
6610
6630
6642
6645
6652
6670
6678
6685
6698
6706
6719
6721
6728
6738
6740
6754
6777
6798
6839
6843
6850
6870
6875
6881
6891
6896
6908
6921
6923
6931
6956
6975
6979
6991
7002
7004
7038
7040
7042
7047
7069
7110
7117
7118
7121
7144
7150
7160
7161
7164
7170
7176
7186
7188
7199
7205
7214
7252
7257
7269
7280
7290
7301
7305
7313
7318
7376
7381
7386
7403
7429
7430
7432
7443
7458
7460
7475
7476
7512
7516
7524
7552
7556
7559
7563
7574
7582
7592
7605
7611
7622
7630
7679
7712
7713
7737
7740
7750
7756
7759
7763
7794
7820
7826
7834
7838
7867
7873
7880
7893
7899
7902
7905
7906
7912
7921
7925
7926
7938
7939
7952
7966
7974
7987
7990
8007
8036
8049
8055
8066
8072
8079
8084
8138
8144
8157
8161
8246
8248
8266
8277
8307
8311
8315
8319
8322
8335
8336
8342
8345
8369
8380
8388
8407
8422
8436
8445
8451
8464
8506
8516
8532
8537
8551
8558
8601
8607
8617
8632
8646
8650
8654
8663
8681
8695
8703
8713
8727
8732
8746
8753
8763
8764
8768
8771
8777
8792
8797
8803
8805
8808
8824
8837
8845
8857
8882
8895
8923
8937
8939
8942
8949
8985
8987
9008
9033
9035
9043
9044
9077
9090
9105
9106
9149
9160
9163
9176
9185
9191
9201
9219
9224
9226
9258
9259
9300
9312
9320
9335
9340
9381
9388
9390
9399
9403
9458
9472
9476
9483
9505
9521
9522
9527
9546
9548
9577
9592
9616
9619
9626
9631
9634
9642
9657
9664
9713
9730
9736
9737
9739
9748
9755
9775
9797
9803
9809
9817
9820
9841
9852
9879
9890
9900
9901
9905
9920
9928
9939
9962
9977
9979
9980
10014
10059
10085
10111
10114
10119
10168
10192
10199
10213
10226
10256
10295
10299
10323
10333
10364
10370
10380
10385
10398
10402
10409
10411
10421
10423
10427
10433
10456
10457
10467
10471
10473
10481
10495
10503
10507
10516
10519
10520
10521
10529
10533
10535
10537
10543
10544
10552
10554
10563
10564
10571
10572
10578
10583
10596
10598
10602
10608
10610
10621
10653
10661
10672
10697
10700
10725
10748
10758
10778
10804
10805
10807
10833
10836
10879
10880
10881
10888
10899
10900
10904
10958
10972
10976
10988
10994
11003
11040
11043
11045
11048
11049
11058
11078
11093
11112
11124
11142
11172
11175
11191
11199
11203
11206
11217
11224
11229
11235
11258
11267
11268
11286
11292
11301
11318
11321
11339
11349
11358
11363
11368
11385
11386
11390
11402
11412
11428
11442
11456
11461
11475
11479
11514
11533
11535
11539
11574
11607
11608
11664
11682
11702
11719
11723
11752
11759
11760
11765
11770
11780
11788
11815
11819
11820
11833
11837
11841
11850
11854
11897
11942
11944
11952
11960
11963
11967
11969
12027
12045
12046
12063
12100
12119
12137
12142
12151
12157
12179
12239
12251
12258
12272
12278
12294
12313
12352
12357
12362
12367
12388
12395
12397
12402
12403
12412
12422
12426
12430
12446
12452
12465
12472
12473
12478
12497
12499
12506
12518
12521
12549
12602
12622
12626
12638
12639
12651
12658
12662
12670
12673
12674
12693
12697
12704
12718
12722
12751
12753
12770
12800
12809
12812
12828
12834
12844
12846
12887
12893
12894
12925
12939
12949
12965
12968
12985
12989
13025
13032
13035
13060
13089
13093
13124
13139
13146
13148
13156
13166
13172
13184
13193
13217
13237
13243
13251
13263
13276
13288
13290
13302
13307
13311
13326
13349
13353
13357
13363
13379
13387
13394
13403
13405
13425
13467
13476
13492
13499
13540
13543
13558
13559
13567
13602
13604
13617
13619
13642
13668
13695
13699
13718
13720
13783
13785
13792
13798
13823
13868
13889
13895
13901
13932
13934
13944
13959
13987
13999
14024
14035
14045
14052
14053
14059
14070
14092
14102
14136
14137
14157
14173
14193
14225
14226
14229
14231
14236
14245
14249
14254
14256
14263
14290
14333
14361
14389
14395
14400
14446
14450
14469
14492
14503
14523
14526
14531
14578
14585
14598
14605
14616
14628
14656
14667
14674
14680
14725
14732
14739
14741
14760
14787
14811
14828
14851
14852
14866
14871
14876
14884
14895
14902
14912
14941
14967
14976
14984
14997
15005
15007
15029
15043
15049
15068
15072
15079
15083
15092
15108
15141
15144
15153
15178
15184
15192
15197
15244
15246
15297
15305
15308
15329
15331
15333
15334
15338
15369
15401
15415
15444
15448
15458
15459
15471
15483
15498
15516
15526
15544
15546
15586
15590
15601
15623
15630
15642
15647
15664
15670
15710
15732
15756
15759
15761
15783
15790
15791
15806
15807
15808
15809
15837
15857
15860
15874
15879
15927
15945
15949
15952
15953
15966
15983
15988
16015
16016
16028
16032
16050
16118
16129
16130
16142
16144
16150
16157
16218
16219
16235
16241
16242
16265
16266
16278
16300
16311
16316
16336
16357
16366
16377
16439
16448
16454
16456
16485
16514
16515
16521
16534
16539
16545
16548
16569
16596
16612
16617
16630
16645
16646
16669
16707
16714
16727
16730
16748
16767
16791
16792
16821
16824
16835
16843
16845
16889
16898
16909
16923
16941
16960
16968
16970
16972
16976
17035
17055
17058
17066
17073
17086
17096
17100
17111
17114
17141
17145
17155
17165
17172
17221
17252
17268
17290
17313
17330
17333
17340
17348
17353
17410
17411
17413
17417
17425
17433
17445
17454
17461
17492
17496
17525
17530
17535
17541
17553
17562
17586
17598
17603
17607
17635
17646
17649
17650
17668
17679
17686
17693
17699
17701
17717
17731
17753
17766
17788
17802
17868
17878
17902
17903
17905
17909
17922
17932
17942
17949
17967
17976
17980
17981
17987
18007
18020
18022
18036
18047
18051
18052
18067
18077
18090
18101
18122
18132
18134
18138
18156
18164
18165
18195
18213
18224
18246
18275
18286
18338
18342
18349
18360
18361
18362
18372
18374
18384
18391
18400
18410
18421
18434
18436
18452
18457
18458
18480
18497
18520
18521
18543
18589
18600
18604
18637
18641
18647
18653
18660
18664
18665
18680
18682
18693
18696
18699
18705
18717
18732
18739
18751
18757
18762
18811
18843
18853
18868
18871
18875
18883
18886
18893
18896
18925
18928
18930
18982
18992
19008
19032
19033
19035
19071
19079
19101
19127
19135
19136
19162
19192
19195
19202
19232
19240
19241
19245
19248
19255
19262
19263
19276
19286
19292
19315
19325
19338
19343
19347
19367
19385
19387
19393
19395
19396
19407
19410
19419
19429
19430
19456
19484
19521
19552
19561
19578
19583
19586
19587
19608
19610
19612
19614
19630
19634
19646
19650
19652
19660
19662
19671
19674
19677
19678
19689
19701
19712
19719
19734
19736
19737
19741
19744
19763
19766
19784
19789
19798
19807
19822
19836
19843
19861
19887
19917
19940
19943
19945
19995
20002
20011
20026
20034
20039
20052
20069
20085
20087
20111
20123
20136
20178
20193
20209
20224
20229
20242
20252
20256
20270
20279
20285
20296
20301
20315
20321
20326
20405
20409
20413
20427
20429
20458
20460
20463
20469
20479
20480
20487
20498
20511
20516
20531
20571
20593
20595
20602
20616
20620
20621
20641
20649
20650
20680
20687
20688
20692
20693
20694
20719
20723
20752
20753
20762
20765
20790
20798
20801
20826
20831
20843
20859
20877
20886
20905
20921
20923
20932
20934
20946
20956
20957
20964
20982
21001
21012
21041
21064
21099
21128
21142
21147
21152
21154
21167
21171
21183
21188
21219
21229
21234
21252
21260
21264
21305
21315
21327
21334
21363
21372
21379
21382
21383
21384
21391
21406
21430
21434
21435
21442
21443
21449
21451
21461
21473
21474
21485
21487
21493
21526
21530
21531
21537
21547
21551
21555
21571
21575
21577
21609
21614
21616
21619
21624
21629
21659
21672
21687
21705
21713
21717
21723
21726
21735
21739
21753
21784
21804
21837
21838
21841
21845
21850
21876
21883
21894
21901
21912
21913
21921
21930
21942
21944
21952
21981
21992
21995
21998
22011
22018
22024
22042
22054
22063
22065
22079
22082
22094
22122
22130
22162
22167
22197
22198
22207
22221
22242
22243
22248
22265
22275
22285
22289
22303
22310
22315
22325
22330
22355
22382
22397
22435
22458
22474
22505
22514
22519
22531
22532
22534
22555
22561
22566
22592
22596
22600
22614
22626
22628
22647
22703
22705
22741
22757
22765
22793
22795
22810
22819
22833
22861
22879
22928
22932
22933
22948
22969
22977
22982
22989
23009
23010
23017
23038
23063
23084
23106
23122
23125
23167
23169
23173
23195
23197
23227
23239
23251
23270
23273
23280
23296
23309
23311
23347
23358
23361
23368
23397
23400
23404
23424
23425
23426
23442
23444
23458
23474
23477
23505
23514
23539
23567
23584
23592
23657
23678
23681
23688
23699
23701
23710
23714
23720
23727
23736
23751
23756
23757
23779
23780
23781
23802
23803
23810
23815
23841
23854
23858
23884
23913
23914
23921
23930
23942
23957
23965
23974
23994
23998
24015
24035
24060
24064
24081
24086
24092
24116
24135
24147
24162
24165
24179
24190
24194
24201
24203
24226
24230
24244
24251
24252
24261
24283
24287
24313
24315
24317
24319
24333
24343
24349
24371
24374
24449
24471
24487
24494
24495
24497
24513
24538
24548
24572
24574
24578
24592
24601
24604
24623
24628
24636
24643
24645
24659
24663
24670
24671
24681
24705
24727
24754
24755
24798
24800
24839
24845
24860
24862
24868
24869
24891
24910
24933
24943
24947
24949
24985
25005
25006
25012
25043
25056
25061
25066
25096
25097
25101
25108
25125
25130
25152
25164
25175
25197
25198
25202
25210
25275
25277
25293
25308
25316
25318
25327
25334
25337
25340
25349
25390
25480
25484
25498
25511
25516
25547
25548
25553
25557
25568
25578
25580
25587
25591
25631
25633
25640
25648
25649
25659
25687
25696
25700
25723
25739
25740
25765
25774
25794
25806
25807
25811
25825
25836
25849
25860
25866
25871
25874
25892
25904
25910
25913
25928
25931
25940
25941
25947
25952
25953
25968
25989
26015
26022
26039
26082
26086
26102
26114
26137
26149
26162
26166
26181
26182
26193
26195
26236
26239
26245
26246
26259
26267
26282
26283
26285
26295
26297
26305
26309
26315
26318
26343
26374
26378
26385
26402
26412
26414
26434
26435
26448
26449
26451
26463
26481
26483
26486
26489
26521
26529
26532
26546
26548
26570
26581
26587
26588
26589
26595
26607
26620
26623
26656
26659
26677
26696
26700
26705
26719
26729
26733
26737
26775
26799
26807
26819
26832
26866
26882
26927
26933
26958
26962
26973
26981
26986
26991
26995
27001
27002
27006
27023
27027
27030
27033
27069
27086
27100
27141
27146
27147
27157
27162
27166
27203
27214
27221
27238
27249
27257
27264
27272
27312
27325
27329
27333
27353
27361
27372
27385
27391
27410
27448
27450
27477
27489
27522
27527
27540
27542
27562
27565
27577
27605
27680
27707
27717
27718
27721
27725
27728
27739
27750
27754
27768
27772
27781
27801
27819
27834
27844
27845
27868
27880
27897
27903
27909
27918
27921
27924
27928
27947
27952
27956
27986
28003
28018
28019
28021
28025
28030
28034
28046
28051
28053
28062
28079
28094
28095
28112
28117
28122
28136
28152
28180
28186
28190
28205
28206
28208
28209
28214
28245
28251
28257
28258
28282
28285
28302
28318
28328
28333
28347
28353
28356
28370
28429
28439
28454
28478
28480
28491
28495
28498
28501
28506
28553
28556
28575
28580
28605
28625
28630
28644
28650
28658
28684
28690
28692
28711
28723
28731
28742
28750
28763
28766
28779
28815
28829
28849
28891
28898
28901
28904
28905
28908
28925
28957
28979
29005
29013
29025
29031
29033
29034
29042
29047
29057
29094
29122
29127
29146
29153
29154
29156
29166
29187
29196
29204
29215
29226
29235
29237
29267
29269
29272
29310
29315
29316
29322
29326
29328
29333
29334
29350
29353
29368
29386
29390
29394
29422
29426
29435
29438
29446
29472
29473
29503
29524
29527
29546
29564
29569
29578
29579
29603
29606
29636
29643
29659
29671
29675
29681
29694
29703
29726
29728
29729
29737
29744
29748
29756
29769
29771
29774
29785
29787
29793
29800
29810
29813
29820
29834
29844
29884
29887
29929
29948
29955
29965
29974
29977
30002
30007
30017
30019
30044
30048
30052
30070
30084
30087
30095
30096
30106
30117
30134
30151
30157
30177
30194
30197
30202
30206
30215
30253
30274
30275
30287
30300
30336
30351
30377
30382
30387
30396
30410
30420
30430
30455
30461
30469
30476
30518
30523
30531
30544
30549
30554
30615
30620
30634
30637
30644
30664
30684
30692
30706
30733
30739
30745
30775
30783
30789
30791
30814
30822
30832
30833
30834
30836
30844
30851
30853
30854
30861
30863
30874
30907
30909
30944
30969
30980
31004
31036
31064
31067
31075
31111
31114
31172
31182
31185
31198
31216
31218
31227
31257
31263
31289
31306
31324
31331
31333
31334
31339
31371
31384
31405
31457
31517
31527
31546
31550
31564
31566
31641
31648
31652
31659
31664
31681
31683
31707
31750
31751
31762
31767
31776
31781
31784
31786
31792
31800
31801
31815
31830
31835
31844
31857
31876
31878
31888
31922
31927
31928
31953
31959
32002
32013
32016
32037
32042
32046
32048
32049
32054
32055
32083
32114
32137
32138
32143
32144
32174
32177
32184
32188
32191
32204
32205
32207
32233
32248
32267
32271
32279
32281
32284
32298
32318
32336
32347
32352
32361
32379
32389
32391
32396
32411
32420
32422
32428
32430
32449
32492
32537
32577
32595
32603
32611
32613
32614
32656
32664
32678
32679
32689
32690
32691
32700
32702
32704
32706
32719
32742
32757
32758
32759
32769
32778
32779
32796
32815
32832
32850
32863
32869
32885
32886
32959
32963
32966
32974
32982
32994
33045
33049
33052
33054
33080
33096
33110
33150
33151
33165
33182
33185
33196
33198
33211
33225
33249
33267
33274
33284
33300
33303
33305
33307
33320
33332
33335
33348
33360
33375
33377
33390
33409
33413
33414
33420
33434
33438
33440
33446
33472
33473
33477
33478
33480
33494
33521
33522
33529
33551
33553
33561
33576
33578
33596
33602
33605
33665
33668
33671
33678
33679
33734
33756
33757
33777
33785
33808
33814
33816
33826
33828
33839
33857
33869
33884
33902
33906
33912
33929
33933
33935
33950
33966
33979
33981
33984
33996
34008
34011
34013
34033
34036
34069
34074
34076
34080
34089
34109
34113
34119
34121
34148
34162
34164
34178
34180
34193
34195
34197
34227
34240
34253
34291
34317
34323
34330
34343
34357
34370
34388
34407
34414
34419
34447
34453
34459
34463
34464
34484
34506
34508
34509
34511
34517
34521
34529
34560
34581
34584
34594
34597
34602
34603
34653
34664
34693
34698
34721
34734
34735
34752
34759
34763
34783
34791
34856
34865
34871
34874
34881
34894
34909
34912
34915
34932
34950
34953
35000
35014
35016
35048
35050
35055
35077
35081
35084
35106
35108
35115
35119
35122
35133
35144
35149
35152
35156
35179
35182
35183
35185
35186
35199
35201
35218
35239
35249
35256
35258
35264
35304
35311
35325
35330
35335
35346
35350
35355
35370
35406
35427
35431
35450
35453
35468
35478
35492
35498
35524
35529
35539
35559
35567
35586
35593
35599
35603
35606
35626
35639
35668
35678
35681
35716
35724
35757
35770
35771
35794
35819
35829
35833
35838
35844
35850
35867
35905
35910
35918
35931
35934
35945
35949
35955
35963
35978
35987
35996
36000
36007
36026
36033
36040
36043
36053
36074
36082
36089
36118
36124
36138
36148
36157
36179
36180
36198
36207
36208
36214
36237
36245
36262
36268
36284
36289
36290
36295
36299
36303
36324
36325
36329
36365
36368
36369
36385
36389
36398
36403
36413
36414
36415
36421
36431
36446
36452
36454
36464
36477
36498
36517
36534
36535
36574
36602
36614
36618
36623
36630
36631
36640
36643
36650
36654
36657
36668
36676
36691
36694
36709
36716
36718
36719
36734
36759
36763
36770
36773
36779
36810
36811
36812
36845
36861
36865
36908
36912
36925
36932
36946
36984
36999
37044
37181
37196
37211
37214
37222
37225
37240
37249
37257
37270
37281
37300
37311
37315
37323
37333
37355
37357
37395
37426
37435
37472
37481
37512
37560
37564
37574
37591
37627
37632
37656
37663
37674
37686
37690
37703
37718
37743
37758
37771
37795
37805
37811
37814
37818
37826
37849
37851
37859
37864
37875
37880
37884
37918
37932
37935
37958
37981
37988
38012
38023
38032
38052
38068
38074
38076
38086
38090
38119
38128
38130
38144
38162
38163
38165
38170
38197
38204
38217
38225
38233
38267
38291
38294
38305
38319
38343
38353
38370
38371
38372
38402
38437
38441
38483
38493
38673
38678
38700
38710
38715
38719
38728
38733
38749
38763
38799
38801
38802
38808
38823
38824
38827
38840
38869
38870
38891
38910
38919
38940
38942
38958
38964
38965
38992
39002
39023
39028
39031
39036
39071
39085
39087
39091
39126
39136
39144
39154
39160
39164
39168
39175
39211
39213
39216
39242
39249
39253
39286
39302
39305
39318
39338
39341
39353
39356
39368
39383
39392
39399
39402
39410
39418
39430
39436
39452
39454
39485
39527
39530
39537
39550
39557
39575
39581
39593
39594
39600
39608
39609
39635
39668
39700
39704
39716
39734
39738
39740
39747
39754
39772
39797
39803
39812
39829
39830
39845
39863
39868
39872
39882
39883
39890
39914
39918
39954
39962
39977
39984
39985
39987
40002
40013
40023
40032
40046
40062
40067
40083
40092
40094
40095
40106
40110
40125
40126
40144
40145
40158
40159
40183
40184
40200
40203
40213
40214
40246
40251
40279
40308
40356
40358
40364
40367
40390
40392
40393
40397
40400
40403
40422
40432
40437
40443
40445
40469
40489
40511
40514
40519
40529
40539
40544
40552
40560
40564
40573
40581
40593
40601
40619
40620
40641
40643
40649
40677
40726
40749
40754
40755
40766
40767
40784
40796
40797
40799
40800
40833
40849
40851
40868
40897
40903
40919
40928
40937
40946
40948
40956
40990
40992
40994
41002
41007
41039
41052
41056
41061
41086
41095
41149
41151
41214
41220
41223
41242
41260
41269
41273
41274
41295
41308
41309
41316
41317
41369
41371
41409
41412
41421
41437
41442
41465
41479
41482
41490
41533
41553
41578
41590
41624
41631
41665
41678
41725
41742
41772
41790
41821
41825
41827
41832
41850
41931
41964
41979
41993
42004
42026
42052
42088
42096
42105
42109
42129
42178
42204
42206
42229
42255
42260
42282
42286
42299
42311
42320
42331
42344
42346
42348
42397
42436
42468
42478
42527
42537
42541
42567
42573
42588
42598
42622
42626
42628
42645
42649
42659
42670
42674
42679
42696
42711
42740
42767
42772
42786
42787
42830
42856
42857
42860
42868
42870
42877
42880
42894
42916
42948
42963
43025
43032
43036
43059
43061
43074
43083
43085
43118
43122
43139
43143
43144
43161
43184
43196
43207
43225
43242
43276
43337
43352
43356
43379
43398
43411
43413
43428
43445
43448
43451
43457
43473
43512
43525
43534
43551
43554
43574
43639
43663
43664
43676
43677
43705
43711
43733
43742
43785
43792
43797
43809
43811
43823
43830
43852
43881
43882
43883
43938
43948
43975
44011
44020
44026
44029
44069
44080
44081
44092
44098
44105
44112
44154
44162
44165
44171
44193
44244
44251
44281
44329
44338
44342
44352
44355
44372
44417
44427
44429
44444
44470
44480
44487
44505
44521
44548
44566
44599
44626
44660
44663
44664
44672
44688
44726
44730
44741
44745
44758
44765
44780
44782
44785
44842
44846
44848
44873
44875
44887
44889
44901
44905
44919
44925
44929
44954
44971
44973
44979
44986
44987
44990
45054
45064
45068
45076
45077
45106
45117
45143
45144
45162
45172
45184
45203
45206
45228
45229
45232
45236
45239
45246
45273
45362
45377
45405
45413
45415
45449
45457
45489
45490
45514
45530
45532
45579
45587
45594
45595
45616
45647
45648
45673
45700
45707
45708
45711
45712
45725
45743
45754
45759
45766
45768
45793
45806
45819
45898
45931
45966
46006
46014
46030
46114
46117
46147
46149
46151
46156
46199
46200
46201
46227
46242
46253
46275
46291
46312
46420
46430
46450
46453
46496
46499
46540
46543
46547
46587
46588
46604
46615
46651
46652
46653
46678
46691
46697
46708
46722
46739
46748
46749
46757
46783
46799
46821
46862
46875
46899
46912
46938
46968
46971
46985
46992
47020
47027
47054
47059
47076
47105
47108
47109
47111
47113
47130
47178
47180
47185
47201
47207
47274
47348
47357
47360
47362
47381
47386
47391
47428
47431
47438
47449
47455
47487
47494
47502
47525
47544
47553
47571
47613
47621
47631
47656
47675
47747
47760
47865
47887
47916
47921
47923
47929
47933
47938
47969
48036
48054
48068
48075
48100
48104
48110
48117
48123
48154
48162
48186
48187
48219
48246
48261
48274
48303
48315
48318
48342
48362
48390
48415
48418
48465
48485
48499
48561
48586
48606
48627
48652
48658
48659
48667
48670
48677
48698
48718
48723
48736
48794
48812
48821
48846
48862
48864
48885
48892
48911
48935
48969
48981
49000
49028
49039
49050
49058
49071
49086
49110
49112
49116
49122
49131
49136
49150
49155
49247
49275
49311
49315
49322
49324
49335
49369
49373
49385
49414
49429
49451
49460
49465
49474
49483
49490
49517
49578
49584
49587
49598
49607
49635
49636
49650
49667
49722
49724
49767
49781
49789
49797
49800
49808
49839
49910
49942
49968
50021
50040
50046
50082
50119
50121
50151
50187
50213
50215
50247
50262
50272
50279
50280
50291
50299
50300
50313
50322
50330
50342
50370
50373
50384
50409
50417
50451
50452
50464
50470
50472
50483
50490
50494
50506
50525
50538
50549
50557
50582
50597
50622
50625
50627
50649
50651
50691
50697
50716
50721
50727
50764
50771
50775
50838
50851
50855
50870
50882
50951
50954
50956
50970
50972
50976
51002
51011
51030
51037
51038
51091
51148
51158
51163
51199
51231
51239
51269
51270
51302
51306
51322
51328
51360
51366
51375
51392
51429
51461
51471
51489
51500
51505
51523
51546
51577
51596
51637
51696
51735
51776
51781
51783
51795
51805
51815
51843
51851
51872
51873
51879
51896
51907
51954
52002
52014
52053
52092
52097
52102
52114
52125
52144
52151
52170
52174
52184
52197
52200
52202
52219
52237
52249
52284
52289
52306
52333
52345
52368
52407
52411
52415
52421
52431
52444
52481
52494
52513
52515
52526
52536
52539
52549
52552
52558
52585
52593
52605
52647
52653
52675
52689
52692
52698
52700
52758
52800
52838
52869
52886
52910
52913
52920
52951
52965
53004
53046
53050
53073
53075
53084
53090
53092
53121
53124
53158
53203
53228
53230
53260
53274
53311
53331
53366
53458
53480
53484
53485
53493
53494
53532
53540
53541
53543
53551
53574
53578
53589
53617
53622
53625
53636
53647
53651
53658
53682
53692
53748
53749
53771
53780
53783
53786
53788
53807
53814
53839
53841
53843
53846
53853
53873
53889
53947
53949
53979
53982
53987
54018
54022
54023
54041
54064
54073
54075
54088
54091
54107
54117
54120
54176
54193
54197
54204
54225
54253
54261
54275
54301
54342
54360
54365
54389
54392
54405
54434
54438
54443
54451
54462
54469
54490
54500
54515
54522
54533
54534
54548
54566
54578
54583
54585
54596
54604
54606
54635
54637
54642
54655
54679
54691
54702
54720
54721
54727
54788
54802
54813
54822
54823
54845
54856
54904
54939
54958
55015
55022
55037
55075
55082
55085
55096
55139
55166
55198
55223
55232
55235
55257
55260
55264
55268
55283
55287
55290
55334
55360
55363
55372
55414
55426
55431
55458
55462
55484
55487
55532
55541
55548
55558
55587
55653
55659
55677
55735
55747
55758
55775
55813
55819
55829
55837
55881
55884
55893
55969
55996
56015
56029
56049
56066
56093
56140
56181
56252
56273
56291
56302
56306
56357
56390
56399
56416
56430
56435
56437
56448
56483
56507
56516
56532
56536
56545
56549
56550
56563
56584
56593
56622
56664
56693
56694
56701
56713
56733
56754
56756
56774
56776
56803
56862
56912
56918
56931
56938
56970
56971
57037
57051
57070
57074
57104
57108
57115
57126
57154
57175
57185
57205
57212
57226
57228
57232
57280
57288
57312
57330
57352
57360
57366
57376
57377
57381
57391
57411
57422
57435
57461
57483
57484
57553
57555
57575
57577
57585
57595
57648
57649
57684
57685
57689
57691
57694
57709
57715
57717
57729
57734
57745
57748
57761
57763
57797
57803
57815
57828
57851
57877
57892
57893
57897
57905
57913
57935
57944
57973
57993
57994
58023
58048
58065
58082
58095
58107
58135
58157
58173
58188
58201
58205
58213
58263
58265
58280
58282
58285
58306
58319
58333
58344
58352
58405
58422
58424
58432
58439
58490
58512
58516
58532
58542
58557
58581
58590
58591
58605
58627
58643
58655
58658
58663
58680
58685
58691
58709
58735
58755
58773
58774
58781
58790
58808
58816
58843
58872
58914
58936
58950
59007
59019
59021
59029
59069
59082
59122
59127
59138
59149
59152
59170
59186
59206
59208
59245
59248
59278
59289
59306
59315
59316
59345
59348
59391
59419
59472
59475
59487
59531
59536
59556
59581
59593
59599
59630
59643
59649
59660
59685
59695
59718
59748
59792
59801
59823
59831
59863
59900
59901
59904
59947
59955
59956
59984
60015
60021
60038
60085
60121
60132
60139
60180
60211
60225
60239
60241
60244
60245
60252
60257
60266
60310
60335
60338
60356
60386
60390
60404
60408
60419
60420
60433
60454
60463
60473
60477
60498
60505
60519
60525
60544
60553
60557
60560
60561
60570
60571
60574
60657
60664
60684
60694
60742
60752
60756
60787
60790
60822
60853
60855
60859
60860
60902
60906
60950
60958
61005
61008
61012
61024
61055
61057
61072
61084
61101
61117
61118
61137
61138
61175
61184
61200
61222
61230
61306
61309
61336
61350
61366
61374
61379
61383
61417
61443
61527
61557
61564
61582
61589
61597
61604
61617
61635
61647
61658
61665
61666
61677
61708
61739
61796
61803
61836
61845
61861
61871
61886
61903
61910
61951
61966
61973
62014
62027
62028
62047
62050
62082
62087
62117
62126
62143
62162
62194
62264
62274
62275
62293
62314
62319
62338
62355
62387
62429
62465
62511
62520
62522
62551
62554
62559
62562
62569
62585
62591
62616
62635
62685
62716
62726
62746
62767
62811
62812
62818
62847
62848
62858
62867
62878
62893
62937
62986
62993
63000
63011
63022
63030
63046
63079
63082
63130
63131
63175
63183
63204
63209
63226
63241
63258
63262
63273
63287
63288
63296
63299
63312
63324
63336
63345
63359
63360
63364
63365
63394
63419
63437
63453
63473
63484
63489
63509
63519
63522
63545
63555
63571
63606
63651
63660
63682
63688
63699
63714
63729
63733
63737
63739
63751
63758
63765
63768
63794
63895
63908
63919
63951
63964
63981
63989
63997
64018
64031
64054
64090
64095
64120
64121
64124
64132
64149
64156
64176
64183
64196
64209
64232
64234
64247
64257
64269
64288
64305
64324
64339
64364
64387
64423
64433
64443
64459
64521
64533
64559
64570
64574
64597
64618
64619
64626
64648
64669
64681
64683
64697
64707
64711
64720
64723
64728
64737
64751
64753
64776
64798
64807
64814
64824
64838
64863
64880
64881
64956
64973
64987
64995
65002
65003
65004
65010
65043
65047
65078
65105
65118
65122
65136
65148
65166
65187
65202
65212
65229
65230
65254
65260
65264
65290
65294
65332
65374
65378
65403
65422
65425
65458
65473
65490
65500
65534
65547
65554
65559
65569
65585
65589
65611
65621
65624
65652
65659
65698
65699
65738
65759
65780
65796
65797
65814
65815
65832
65856
65857
65865
65868
65923
65931
65967
65968
65985
66000
66006
66017
66021
66041
66045
66059
66069
66072
66074
66084
66100
66108
66114
66132
66161
66190
66224
66249
66293
66294
66316
66324
66329
66331
66345
66380
66392
66414
66439
66449
66456
66470
66482
66515
66530
66549
66567
66568
66575
66591
66610
66620
66630
66632
66634
66671
66674
66690
66692
66715
66738
66765
66776
66785
66788
66812
66818
66845
66869
66884
66904
66933
66939
66983
67010
67040
67047
67078
67084
67085
67086
67089
67130
67159
67211
67238
67248
67251
67255
67282
67298
67300
67302
67328
67331
67335
67348
67354
67360
67372
67375
67409
67443
67445
67449
67489
67510
67513
67520
67529
67552
67585
67616
67618
67643
67647
67653
67656
67666
67675
67688
67696
67705
67711
67716
67741
67788
67789
67798
67829
67848
67860
67879
67885
67919
67924
67927
68019
68033
68049
68064
68087
68092
68120
68127
68132
68133
68151
68179
68192
68194
68196
68211
68222
68225
68262
68263
68328
68384
68388
68402
68403
68423
68425
68431
68435
68443
68451
68489
68497
68564
68608
68610
68643
68657
68679
68683
68686
68714
68728
68743
68762
68791
68813
68820
68839
68868
68871
68895
68909
68975
68998
69015
69046
69055
69069
69089
69112
69115
69124
69138
69144
69152
69172
69184
69191
69194
69198
69206
69233
69260
69276
69306
69308
69321
69329
69330
69345
69356
69360
69369
69378
69379
69395
69400
69403
69412
69443
69447
69467
69480
69485
69491
69492
69500
69505
69508
69550
69553
69558
69567
69588
69600
69607
69608
69625
69633
69637
69639
69659
69676
69680
69687
69692
69694
69698
69701
69706
69711
69731
69740
69741
69748
69753
69770
69772
69795
69800
69816
69821
69832
69843
69861
69886
69889
69893
69905
69909
69912
69925
69962
69965
69966
69968
69975
69976
69980
70002
70041
70043
70045
70047
70069
70073
70091
70101
70115
70128
70205
70209
70228
70235
70258
70266
70279
70284
70306
70307
70309
70315
70320
70333
70360
70376
70384
70389
70393
70408
70418
70430
70445
70446
70470
70474
70480
70496
70507
70521
70546
70552
70575
70578
70589
70615
70628
70661
70671
70672
70673
70680
70688
70693
70707
70719
70737
70738
70742
70743
70750
70754
70778
70783
70787
70791
70794
70815
70827
70829
70835
70837
70876
70884
70886
70897
70909
70917
70948
70950
70953
70955
70958
70971
70972
70978
70983
70993
71007
71018
71023
71036
71045
71056
71068
71087
71088
71093
71096
71102
71110
71114
71123
71128
71129
71133
71141
71146
71158
71160
71175
71182
71187
71209
71214
71221
71252
71254
71265
71280
71296
71326
71329
71335
71343
71352
71362
71363
71381
71408
71443
71463
71491
71494
71529
71534
71539
71559
71570
71585
71586
71600
71605
71608
71645
71650
71653
71683
71699
71706
71712
71720
71722
71734
71751
71762
71771
71794
71798
71812
71816
71825
71831
71839
71840
71851
71870
71876
71880
71910
71937
71948
71966
71967
71992
72001
72018
72054
72062
72081
72086
72125
72147
72150
72152
72165
72187
72217
72232
72239
72252
72270
72283
72295
72310
72320
72322
72326
72333
72338
72349
72380
72388
72390
72395
72414
72416
72432
72433
72446
72453
72457
72476
72477
72479
72480
72484
72498
72512
72526
72551
72575
72578
72585
72623
72639
72658
72677
72683
72729
72748
72759
72775
72823
72832
72841
72845
72851
72856
72892
72893
72909
72912
72913
72918
72929
72973
72987
72989
73015
73033
73041
73042
73050
73051
73064
73069
73086
73151
73153
73177
